[0, 0]
[273, 211]
[252, 316]
[600, 4]
[397, 215]
[447, 333]
[0, 80, 0]
[0, 40, 0]
[0, 0, 0]
[28, 80, 0]
[28, 40, 0]
[28, 0, 0]
There are 6 imagePoints and 6 objectPoints.
Intrinsic parameters: 
[614.1699, 0, 329.9491;
 0, 614.9002, 237.2788;
 0, 0, 1]
rvec: 
[-1.863276871937631;
 0.01741375518645474;
 0.09429533406903792]
tvec: 
[-11.02789436809009;
 11.08634849216278;
 108.0139508566884]
rmat: 
[0.9965907208786111, -0.06038854304648478, -0.056215290867991;
 0.03632731519729737, -0.2905760343359154, 0.9561620649451478;
 -0.07407605030781665, -0.9549443921707356, -0.2873916258913228]
inv_rmat: 
[0.9965907208786111, 0.03632731519729737, -0.07407605030781665;
 -0.06038854304648478, -0.2905760343359154, -0.9549443921707356;
 -0.056215290867991, 0.9561620649451478, -0.2873916258913228]
inv_tvec: 
[18.58880677961228;
 105.7027853531592;
 19.82202279911758]
yaw: 
-3.4676
pitch: 
3.22259
roll: 
106.729
x: 
-106.749
y: 
4.24813
z: 
2.08759
[0, 0]
[273, 211]
[252, 316]
[600, 4]
[397, 215]
[447, 333]
[0, 80, 0]
[0, 40, 0]
[0, 0, 0]
[28, 80, 0]
[28, 40, 0]
[28, 0, 0]
There are 6 imagePoints and 6 objectPoints.
Intrinsic parameters: 
[614.1699, 0, 329.9491;
 0, 614.9002, 237.2788;
 0, 0, 1]
rvec: 
[-1.863276871937631;
 0.01741375518645474;
 0.09429533406903792]
tvec: 
[-11.02789436809009;
 11.08634849216278;
 108.0139508566884]
rmat: 
[0.9965907208786111, -0.06038854304648478, -0.056215290867991;
 0.03632731519729737, -0.2905760343359154, 0.9561620649451478;
 -0.07407605030781665, -0.9549443921707356, -0.2873916258913228]
inv_rmat: 
[0.9965907208786111, 0.03632731519729737, -0.07407605030781665;
 -0.06038854304648478, -0.2905760343359154, -0.9549443921707356;
 -0.056215290867991, 0.9561620649451478, -0.2873916258913228]
inv_tvec: 
[18.58880677961228;
 105.7027853531592;
 19.82202279911758]
yaw: 
-3.4676
pitch: 
3.22259
roll: 
106.729
x: 
-106.749
y: 
4.24813
z: 
2.08759
[0, 0]
[273, 211]
[252, 316]
[600, 4]
[397, 215]
[447, 333]
[0, 80, 0]
[0, 40, 0]
[0, 0, 0]
[28, 80, 0]
[28, 40, 0]
[28, 0, 0]
There are 6 imagePoints and 6 objectPoints.
Intrinsic parameters: 
[614.1699, 0, 329.9491;
 0, 614.9002, 237.2788;
 0, 0, 1]
rvec: 
[-1.863276871937631;
 0.01741375518645474;
 0.09429533406903792]
tvec: 
[-11.02789436809009;
 11.08634849216278;
 108.0139508566884]
rmat: 
[0.9965907208786111, -0.06038854304648478, -0.056215290867991;
 0.03632731519729737, -0.2905760343359154, 0.9561620649451478;
 -0.07407605030781665, -0.9549443921707356, -0.2873916258913228]
inv_rmat: 
[0.9965907208786111, 0.03632731519729737, -0.07407605030781665;
 -0.06038854304648478, -0.2905760343359154, -0.9549443921707356;
 -0.056215290867991, 0.9561620649451478, -0.2873916258913228]
inv_tvec: 
[18.58880677961228;
 105.7027853531592;
 19.82202279911758]
yaw: 
-3.4676
pitch: 
3.22259
roll: 
106.729
x: 
-106.749
y: 
4.24813
z: 
2.08759
[0, 0]
[273, 211]
[252, 316]
[600, 4]
[397, 215]
[447, 333]
[0, 80, 0]
[0, 40, 0]
[0, 0, 0]
[28, 80, 0]
[28, 40, 0]
[28, 0, 0]
There are 6 imagePoints and 6 objectPoints.
Intrinsic parameters: 
[614.1699, 0, 329.9491;
 0, 614.9002, 237.2788;
 0, 0, 1]
rvec: 
[-1.863276871937631;
 0.01741375518645474;
 0.09429533406903792]
tvec: 
[-11.02789436809009;
 11.08634849216278;
 108.0139508566884]
rmat: 
[0.9965907208786111, -0.06038854304648478, -0.056215290867991;
 0.03632731519729737, -0.2905760343359154, 0.9561620649451478;
 -0.07407605030781665, -0.9549443921707356, -0.2873916258913228]
inv_rmat: 
[0.9965907208786111, 0.03632731519729737, -0.07407605030781665;
 -0.06038854304648478, -0.2905760343359154, -0.9549443921707356;
 -0.056215290867991, 0.9561620649451478, -0.2873916258913228]
inv_tvec: 
[18.58880677961228;
 105.7027853531592;
 19.82202279911758]
yaw: 
-3.4676
pitch: 
3.22259
roll: 
106.729
x: 
-106.749
y: 
4.24813
z: 
2.08759
[0, 0]
[273, 211]
[252, 316]
[600, 4]
[397, 215]
[447, 333]
[0, 80, 0]
[0, 40, 0]
[0, 0, 0]
[28, 80, 0]
[28, 40, 0]
[28, 0, 0]
There are 6 imagePoints and 6 objectPoints.
Intrinsic parameters: 
[614.1699, 0, 329.9491;
 0, 614.9002, 237.2788;
 0, 0, 1]
rvec: 
[-1.863276871937631;
 0.01741375518645474;
 0.09429533406903792]
tvec: 
[-11.02789436809009;
 11.08634849216278;
 108.0139508566884]
rmat: 
[0.9965907208786111, -0.06038854304648478, -0.056215290867991;
 0.03632731519729737, -0.2905760343359154, 0.9561620649451478;
 -0.07407605030781665, -0.9549443921707356, -0.2873916258913228]
inv_rmat: 
[0.9965907208786111, 0.03632731519729737, -0.07407605030781665;
 -0.06038854304648478, -0.2905760343359154, -0.9549443921707356;
 -0.056215290867991, 0.9561620649451478, -0.2873916258913228]
inv_tvec: 
[18.58880677961228;
 105.7027853531592;
 19.82202279911758]
yaw: 
-3.4676
pitch: 
3.22259
roll: 
106.729
x: 
-106.749
y: 
4.24813
z: 
2.08759
[0, 0]
[273, 211]
[252, 316]
[600, 4]
[397, 215]
[447, 333]
[0, 80, 0]
[0, 40, 0]
[0, 0, 0]
[28, 80, 0]
[28, 40, 0]
[28, 0, 0]
There are 6 imagePoints and 6 objectPoints.
Intrinsic parameters: 
[614.1699, 0, 329.9491;
 0, 614.9002, 237.2788;
 0, 0, 1]
rvec: 
[-1.863276871937631;
 0.01741375518645474;
 0.09429533406903792]
tvec: 
[-11.02789436809009;
 11.08634849216278;
 108.0139508566884]
rmat: 
[0.9965907208786111, -0.06038854304648478, -0.056215290867991;
 0.03632731519729737, -0.2905760343359154, 0.9561620649451478;
 -0.07407605030781665, -0.9549443921707356, -0.2873916258913228]
inv_rmat: 
[0.9965907208786111, 0.03632731519729737, -0.07407605030781665;
 -0.06038854304648478, -0.2905760343359154, -0.9549443921707356;
 -0.056215290867991, 0.9561620649451478, -0.2873916258913228]
inv_tvec: 
[18.58880677961228;
 105.7027853531592;
 19.82202279911758]
yaw: 
-3.4676
pitch: 
3.22259
roll: 
106.729
x: 
-106.749
y: 
4.24813
z: 
2.08759
[0, 0]
[273, 211]
[252, 316]
[600, 4]
[397, 215]
[447, 333]
[0, 80, 0]
[0, 40, 0]
[0, 0, 0]
[28, 80, 0]
[28, 40, 0]
[28, 0, 0]
There are 6 imagePoints and 6 objectPoints.
Intrinsic parameters: 
[614.1699, 0, 329.9491;
 0, 614.9002, 237.2788;
 0, 0, 1]
rvec: 
[-1.863276871937631;
 0.01741375518645474;
 0.09429533406903792]
tvec: 
[-11.02789436809009;
 11.08634849216278;
 108.0139508566884]
rmat: 
[0.9965907208786111, -0.06038854304648478, -0.056215290867991;
 0.03632731519729737, -0.2905760343359154, 0.9561620649451478;
 -0.07407605030781665, -0.9549443921707356, -0.2873916258913228]
inv_rmat: 
[0.9965907208786111, 0.03632731519729737, -0.07407605030781665;
 -0.06038854304648478, -0.2905760343359154, -0.9549443921707356;
 -0.056215290867991, 0.9561620649451478, -0.2873916258913228]
inv_tvec: 
[18.58880677961228;
 105.7027853531592;
 19.82202279911758]
yaw: 
-3.4676
pitch: 
3.22259
roll: 
106.729
x: 
-106.749
y: 
4.24813
z: 
2.08759
[0, 0]
[273, 211]
[252, 316]
[600, 4]
[397, 215]
[447, 333]
[0, 80, 0]
[0, 40, 0]
[0, 0, 0]
[28, 80, 0]
[28, 40, 0]
[28, 0, 0]
There are 6 imagePoints and 6 objectPoints.
Intrinsic parameters: 
[614.1699, 0, 329.9491;
 0, 614.9002, 237.2788;
 0, 0, 1]
rvec: 
[-1.863276871937631;
 0.01741375518645474;
 0.09429533406903792]
tvec: 
[-11.02789436809009;
 11.08634849216278;
 108.0139508566884]
rmat: 
[0.9965907208786111, -0.06038854304648478, -0.056215290867991;
 0.03632731519729737, -0.2905760343359154, 0.9561620649451478;
 -0.07407605030781665, -0.9549443921707356, -0.2873916258913228]
inv_rmat: 
[0.9965907208786111, 0.03632731519729737, -0.07407605030781665;
 -0.06038854304648478, -0.2905760343359154, -0.9549443921707356;
 -0.056215290867991, 0.9561620649451478, -0.2873916258913228]
inv_tvec: 
[18.58880677961228;
 105.7027853531592;
 19.82202279911758]
yaw: 
-3.4676
pitch: 
3.22259
roll: 
106.729
x: 
-106.749
y: 
4.24813
z: 
2.08759
[0, 0]
[273, 211]
[252, 316]
[600, 4]
[397, 215]
[447, 333]
[0, 80, 0]
[0, 40, 0]
[0, 0, 0]
[28, 80, 0]
[28, 40, 0]
[28, 0, 0]
There are 6 imagePoints and 6 objectPoints.
Intrinsic parameters: 
[614.1699, 0, 329.9491;
 0, 614.9002, 237.2788;
 0, 0, 1]
rvec: 
[-1.863276871937631;
 0.01741375518645474;
 0.09429533406903792]
tvec: 
[-11.02789436809009;
 11.08634849216278;
 108.0139508566884]
rmat: 
[0.9965907208786111, -0.06038854304648478, -0.056215290867991;
 0.03632731519729737, -0.2905760343359154, 0.9561620649451478;
 -0.07407605030781665, -0.9549443921707356, -0.2873916258913228]
inv_rmat: 
[0.9965907208786111, 0.03632731519729737, -0.07407605030781665;
 -0.06038854304648478, -0.2905760343359154, -0.9549443921707356;
 -0.056215290867991, 0.9561620649451478, -0.2873916258913228]
inv_tvec: 
[18.58880677961228;
 105.7027853531592;
 19.82202279911758]
yaw: 
-3.4676
pitch: 
3.22259
roll: 
106.729
x: 
-106.749
y: 
4.24813
z: 
2.08759
[0, 0]
[273, 211]
[252, 316]
[600, 4]
[397, 215]
[447, 333]
[0, 80, 0]
[0, 40, 0]
[0, 0, 0]
[28, 80, 0]
[28, 40, 0]
[28, 0, 0]
There are 6 imagePoints and 6 objectPoints.
Intrinsic parameters: 
[614.1699, 0, 329.9491;
 0, 614.9002, 237.2788;
 0, 0, 1]
rvec: 
[-1.863276871937631;
 0.01741375518645474;
 0.09429533406903792]
tvec: 
[-11.02789436809009;
 11.08634849216278;
 108.0139508566884]
rmat: 
[0.9965907208786111, -0.06038854304648478, -0.056215290867991;
 0.03632731519729737, -0.2905760343359154, 0.9561620649451478;
 -0.07407605030781665, -0.9549443921707356, -0.2873916258913228]
inv_rmat: 
[0.9965907208786111, 0.03632731519729737, -0.07407605030781665;
 -0.06038854304648478, -0.2905760343359154, -0.9549443921707356;
 -0.056215290867991, 0.9561620649451478, -0.2873916258913228]
inv_tvec: 
[18.58880677961228;
 105.7027853531592;
 19.82202279911758]
yaw: 
-3.4676
pitch: 
3.22259
roll: 
106.729
x: 
-106.749
y: 
4.24813
z: 
2.08759
[0, 0]
[273, 211]
[252, 316]
[600, 4]
[397, 215]
[447, 333]
[0, 80, 0]
[0, 40, 0]
[0, 0, 0]
[28, 80, 0]
[28, 40, 0]
[28, 0, 0]
There are 6 imagePoints and 6 objectPoints.
Intrinsic parameters: 
[614.1699, 0, 329.9491;
 0, 614.9002, 237.2788;
 0, 0, 1]
rvec: 
[-1.863276871937631;
 0.01741375518645474;
 0.09429533406903792]
tvec: 
[-11.02789436809009;
 11.08634849216278;
 108.0139508566884]
rmat: 
[0.9965907208786111, -0.06038854304648478, -0.056215290867991;
 0.03632731519729737, -0.2905760343359154, 0.9561620649451478;
 -0.07407605030781665, -0.9549443921707356, -0.2873916258913228]
inv_rmat: 
[0.9965907208786111, 0.03632731519729737, -0.07407605030781665;
 -0.06038854304648478, -0.2905760343359154, -0.9549443921707356;
 -0.056215290867991, 0.9561620649451478, -0.2873916258913228]
inv_tvec: 
[18.58880677961228;
 105.7027853531592;
 19.82202279911758]
yaw: 
-3.4676
pitch: 
3.22259
roll: 
106.729
x: 
-106.749
y: 
4.24813
z: 
2.08759
[0, 0]
[273, 211]
[252, 316]
[600, 4]
[397, 215]
[447, 333]
[0, 80, 0]
[0, 40, 0]
[0, 0, 0]
[28, 80, 0]
[28, 40, 0]
[28, 0, 0]
There are 6 imagePoints and 6 objectPoints.
Intrinsic parameters: 
[614.1699, 0, 329.9491;
 0, 614.9002, 237.2788;
 0, 0, 1]
rvec: 
[-1.863276871937631;
 0.01741375518645474;
 0.09429533406903792]
tvec: 
[-11.02789436809009;
 11.08634849216278;
 108.0139508566884]
rmat: 
[0.9965907208786111, -0.06038854304648478, -0.056215290867991;
 0.03632731519729737, -0.2905760343359154, 0.9561620649451478;
 -0.07407605030781665, -0.9549443921707356, -0.2873916258913228]
inv_rmat: 
[0.9965907208786111, 0.03632731519729737, -0.07407605030781665;
 -0.06038854304648478, -0.2905760343359154, -0.9549443921707356;
 -0.056215290867991, 0.9561620649451478, -0.2873916258913228]
inv_tvec: 
[18.58880677961228;
 105.7027853531592;
 19.82202279911758]
yaw: 
-3.4676
pitch: 
3.22259
roll: 
106.729
x: 
-106.749
y: 
4.24813
z: 
2.08759
[0, 0]
[273, 211]
[252, 316]
[600, 4]
[397, 215]
[447, 333]
[0, 80, 0]
[0, 40, 0]
[0, 0, 0]
[28, 80, 0]
[28, 40, 0]
[28, 0, 0]
There are 6 imagePoints and 6 objectPoints.
Intrinsic parameters: 
[614.1699, 0, 329.9491;
 0, 614.9002, 237.2788;
 0, 0, 1]
rvec: 
[-1.863276871937631;
 0.01741375518645474;
 0.09429533406903792]
tvec: 
[-11.02789436809009;
 11.08634849216278;
 108.0139508566884]
rmat: 
[0.9965907208786111, -0.06038854304648478, -0.056215290867991;
 0.03632731519729737, -0.2905760343359154, 0.9561620649451478;
 -0.07407605030781665, -0.9549443921707356, -0.2873916258913228]
inv_rmat: 
[0.9965907208786111, 0.03632731519729737, -0.07407605030781665;
 -0.06038854304648478, -0.2905760343359154, -0.9549443921707356;
 -0.056215290867991, 0.9561620649451478, -0.2873916258913228]
inv_tvec: 
[18.58880677961228;
 105.7027853531592;
 19.82202279911758]
yaw: 
-3.4676
pitch: 
3.22259
roll: 
106.729
x: 
-106.749
y: 
4.24813
z: 
2.08759
[0, 0]
[273, 211]
[252, 316]
[600, 4]
[397, 215]
[447, 333]
[0, 80, 0]
[0, 40, 0]
[0, 0, 0]
[28, 80, 0]
[28, 40, 0]
[28, 0, 0]
There are 6 imagePoints and 6 objectPoints.
Intrinsic parameters: 
[614.1699, 0, 329.9491;
 0, 614.9002, 237.2788;
 0, 0, 1]
rvec: 
[-1.863276871937631;
 0.01741375518645474;
 0.09429533406903792]
tvec: 
[-11.02789436809009;
 11.08634849216278;
 108.0139508566884]
rmat: 
[0.9965907208786111, -0.06038854304648478, -0.056215290867991;
 0.03632731519729737, -0.2905760343359154, 0.9561620649451478;
 -0.07407605030781665, -0.9549443921707356, -0.2873916258913228]
inv_rmat: 
[0.9965907208786111, 0.03632731519729737, -0.07407605030781665;
 -0.06038854304648478, -0.2905760343359154, -0.9549443921707356;
 -0.056215290867991, 0.9561620649451478, -0.2873916258913228]
inv_tvec: 
[18.58880677961228;
 105.7027853531592;
 19.82202279911758]
yaw: 
-3.4676
pitch: 
3.22259
roll: 
106.729
x: 
-106.749
y: 
4.24813
z: 
2.08759
[0, 0]
[273, 211]
[252, 316]
[600, 4]
[397, 215]
[447, 333]
[0, 80, 0]
[0, 40, 0]
[0, 0, 0]
[28, 80, 0]
[28, 40, 0]
[28, 0, 0]
There are 6 imagePoints and 6 objectPoints.
Intrinsic parameters: 
[614.1699, 0, 329.9491;
 0, 614.9002, 237.2788;
 0, 0, 1]
rvec: 
[-1.863276871937631;
 0.01741375518645474;
 0.09429533406903792]
tvec: 
[-11.02789436809009;
 11.08634849216278;
 108.0139508566884]
rmat: 
[0.9965907208786111, -0.06038854304648478, -0.056215290867991;
 0.03632731519729737, -0.2905760343359154, 0.9561620649451478;
 -0.07407605030781665, -0.9549443921707356, -0.2873916258913228]
inv_rmat: 
[0.9965907208786111, 0.03632731519729737, -0.07407605030781665;
 -0.06038854304648478, -0.2905760343359154, -0.9549443921707356;
 -0.056215290867991, 0.9561620649451478, -0.2873916258913228]
inv_tvec: 
[18.58880677961228;
 105.7027853531592;
 19.82202279911758]
yaw: 
-3.4676
pitch: 
3.22259
roll: 
106.729
x: 
-106.749
y: 
4.24813
z: 
2.08759
[0, 0]
[273, 211]
[252, 316]
[600, 4]
[397, 215]
[447, 333]
[0, 80, 0]
[0, 40, 0]
[0, 0, 0]
[28, 80, 0]
[28, 40, 0]
[28, 0, 0]
There are 6 imagePoints and 6 objectPoints.
Intrinsic parameters: 
[614.1699, 0, 329.9491;
 0, 614.9002, 237.2788;
 0, 0, 1]
rvec: 
[-1.863276871937631;
 0.01741375518645474;
 0.09429533406903792]
tvec: 
[-11.02789436809009;
 11.08634849216278;
 108.0139508566884]
rmat: 
[0.9965907208786111, -0.06038854304648478, -0.056215290867991;
 0.03632731519729737, -0.2905760343359154, 0.9561620649451478;
 -0.07407605030781665, -0.9549443921707356, -0.2873916258913228]
inv_rmat: 
[0.9965907208786111, 0.03632731519729737, -0.07407605030781665;
 -0.06038854304648478, -0.2905760343359154, -0.9549443921707356;
 -0.056215290867991, 0.9561620649451478, -0.2873916258913228]
inv_tvec: 
[18.58880677961228;
 105.7027853531592;
 19.82202279911758]
yaw: 
-3.4676
pitch: 
3.22259
roll: 
106.729
x: 
-106.749
y: 
4.24813
z: 
2.08759
[0, 0]
[273, 211]
[252, 316]
[600, 4]
[397, 215]
[447, 333]
[0, 80, 0]
[0, 40, 0]
[0, 0, 0]
[28, 80, 0]
[28, 40, 0]
[28, 0, 0]
There are 6 imagePoints and 6 objectPoints.
Intrinsic parameters: 
[614.1699, 0, 329.9491;
 0, 614.9002, 237.2788;
 0, 0, 1]
rvec: 
[-1.863276871937631;
 0.01741375518645474;
 0.09429533406903792]
tvec: 
[-11.02789436809009;
 11.08634849216278;
 108.0139508566884]
rmat: 
[0.9965907208786111, -0.06038854304648478, -0.056215290867991;
 0.03632731519729737, -0.2905760343359154, 0.9561620649451478;
 -0.07407605030781665, -0.9549443921707356, -0.2873916258913228]
inv_rmat: 
[0.9965907208786111, 0.03632731519729737, -0.07407605030781665;
 -0.06038854304648478, -0.2905760343359154, -0.9549443921707356;
 -0.056215290867991, 0.9561620649451478, -0.2873916258913228]
inv_tvec: 
[18.58880677961228;
 105.7027853531592;
 19.82202279911758]
yaw: 
-3.4676
pitch: 
3.22259
roll: 
106.729
x: 
-106.749
y: 
4.24813
z: 
2.08759
[0, 0]
[273, 211]
[252, 316]
[600, 4]
[397, 215]
[447, 333]
[0, 80, 0]
[0, 40, 0]
[0, 0, 0]
[28, 80, 0]
[28, 40, 0]
[28, 0, 0]
There are 6 imagePoints and 6 objectPoints.
Intrinsic parameters: 
[614.1699, 0, 329.9491;
 0, 614.9002, 237.2788;
 0, 0, 1]
rvec: 
[-1.863276871937631;
 0.01741375518645474;
 0.09429533406903792]
tvec: 
[-11.02789436809009;
 11.08634849216278;
 108.0139508566884]
rmat: 
[0.9965907208786111, -0.06038854304648478, -0.056215290867991;
 0.03632731519729737, -0.2905760343359154, 0.9561620649451478;
 -0.07407605030781665, -0.9549443921707356, -0.2873916258913228]
inv_rmat: 
[0.9965907208786111, 0.03632731519729737, -0.07407605030781665;
 -0.06038854304648478, -0.2905760343359154, -0.9549443921707356;
 -0.056215290867991, 0.9561620649451478, -0.2873916258913228]
inv_tvec: 
[18.58880677961228;
 105.7027853531592;
 19.82202279911758]
yaw: 
-3.4676
pitch: 
3.22259
roll: 
106.729
x: 
-106.749
y: 
4.24813
z: 
2.08759
[0, 0]
[273, 211]
[252, 316]
[600, 4]
[397, 215]
[447, 333]
[0, 80, 0]
[0, 40, 0]
[0, 0, 0]
[28, 80, 0]
[28, 40, 0]
[28, 0, 0]
There are 6 imagePoints and 6 objectPoints.
Intrinsic parameters: 
[614.1699, 0, 329.9491;
 0, 614.9002, 237.2788;
 0, 0, 1]
rvec: 
[-1.863276871937631;
 0.01741375518645474;
 0.09429533406903792]
tvec: 
[-11.02789436809009;
 11.08634849216278;
 108.0139508566884]
rmat: 
[0.9965907208786111, -0.06038854304648478, -0.056215290867991;
 0.03632731519729737, -0.2905760343359154, 0.9561620649451478;
 -0.07407605030781665, -0.9549443921707356, -0.2873916258913228]
inv_rmat: 
[0.9965907208786111, 0.03632731519729737, -0.07407605030781665;
 -0.06038854304648478, -0.2905760343359154, -0.9549443921707356;
 -0.056215290867991, 0.9561620649451478, -0.2873916258913228]
inv_tvec: 
[18.58880677961228;
 105.7027853531592;
 19.82202279911758]
yaw: 
-3.4676
pitch: 
3.22259
roll: 
106.729
x: 
-106.749
y: 
4.24813
z: 
2.08759
[0, 0]
[273, 211]
[252, 316]
[600, 4]
[397, 215]
[447, 333]
[0, 80, 0]
[0, 40, 0]
[0, 0, 0]
[28, 80, 0]
[28, 40, 0]
[28, 0, 0]
There are 6 imagePoints and 6 objectPoints.
Intrinsic parameters: 
[614.1699, 0, 329.9491;
 0, 614.9002, 237.2788;
 0, 0, 1]
rvec: 
[-1.863276871937631;
 0.01741375518645474;
 0.09429533406903792]
tvec: 
[-11.02789436809009;
 11.08634849216278;
 108.0139508566884]
rmat: 
[0.9965907208786111, -0.06038854304648478, -0.056215290867991;
 0.03632731519729737, -0.2905760343359154, 0.9561620649451478;
 -0.07407605030781665, -0.9549443921707356, -0.2873916258913228]
inv_rmat: 
[0.9965907208786111, 0.03632731519729737, -0.07407605030781665;
 -0.06038854304648478, -0.2905760343359154, -0.9549443921707356;
 -0.056215290867991, 0.9561620649451478, -0.2873916258913228]
inv_tvec: 
[18.58880677961228;
 105.7027853531592;
 19.82202279911758]
yaw: 
-3.4676
pitch: 
3.22259
roll: 
106.729
x: 
-106.749
y: 
4.24813
z: 
2.08759
[0, 0]
[273, 211]
[252, 316]
[600, 4]
[397, 215]
[447, 333]
[0, 80, 0]
[0, 40, 0]
[0, 0, 0]
[28, 80, 0]
[28, 40, 0]
[28, 0, 0]
There are 6 imagePoints and 6 objectPoints.
Intrinsic parameters: 
[614.1699, 0, 329.9491;
 0, 614.9002, 237.2788;
 0, 0, 1]
rvec: 
[-1.863276871937631;
 0.01741375518645474;
 0.09429533406903792]
tvec: 
[-11.02789436809009;
 11.08634849216278;
 108.0139508566884]
rmat: 
[0.9965907208786111, -0.06038854304648478, -0.056215290867991;
 0.03632731519729737, -0.2905760343359154, 0.9561620649451478;
 -0.07407605030781665, -0.9549443921707356, -0.2873916258913228]
inv_rmat: 
[0.9965907208786111, 0.03632731519729737, -0.07407605030781665;
 -0.06038854304648478, -0.2905760343359154, -0.9549443921707356;
 -0.056215290867991, 0.9561620649451478, -0.2873916258913228]
inv_tvec: 
[18.58880677961228;
 105.7027853531592;
 19.82202279911758]
yaw: 
-3.4676
pitch: 
3.22259
roll: 
106.729
x: 
-106.749
y: 
4.24813
z: 
2.08759
[0, 0]
[273, 211]
[252, 316]
[600, 4]
[397, 215]
[447, 333]
[0, 80, 0]
[0, 40, 0]
[0, 0, 0]
[28, 80, 0]
[28, 40, 0]
[28, 0, 0]
There are 6 imagePoints and 6 objectPoints.
Intrinsic parameters: 
[614.1699, 0, 329.9491;
 0, 614.9002, 237.2788;
 0, 0, 1]
rvec: 
[-1.863276871937631;
 0.01741375518645474;
 0.09429533406903792]
tvec: 
[-11.02789436809009;
 11.08634849216278;
 108.0139508566884]
rmat: 
[0.9965907208786111, -0.06038854304648478, -0.056215290867991;
 0.03632731519729737, -0.2905760343359154, 0.9561620649451478;
 -0.07407605030781665, -0.9549443921707356, -0.2873916258913228]
inv_rmat: 
[0.9965907208786111, 0.03632731519729737, -0.07407605030781665;
 -0.06038854304648478, -0.2905760343359154, -0.9549443921707356;
 -0.056215290867991, 0.9561620649451478, -0.2873916258913228]
inv_tvec: 
[18.58880677961228;
 105.7027853531592;
 19.82202279911758]
yaw: 
-3.4676
pitch: 
3.22259
roll: 
106.729
x: 
-106.749
y: 
4.24813
z: 
2.08759
[0, 0]
[273, 211]
[252, 316]
[600, 4]
[397, 215]
[447, 333]
[0, 80, 0]
[0, 40, 0]
[0, 0, 0]
[28, 80, 0]
[28, 40, 0]
[28, 0, 0]
There are 6 imagePoints and 6 objectPoints.
Intrinsic parameters: 
[614.1699, 0, 329.9491;
 0, 614.9002, 237.2788;
 0, 0, 1]
rvec: 
[-1.863276871937631;
 0.01741375518645474;
 0.09429533406903792]
tvec: 
[-11.02789436809009;
 11.08634849216278;
 108.0139508566884]
rmat: 
[0.9965907208786111, -0.06038854304648478, -0.056215290867991;
 0.03632731519729737, -0.2905760343359154, 0.9561620649451478;
 -0.07407605030781665, -0.9549443921707356, -0.2873916258913228]
inv_rmat: 
[0.9965907208786111, 0.03632731519729737, -0.07407605030781665;
 -0.06038854304648478, -0.2905760343359154, -0.9549443921707356;
 -0.056215290867991, 0.9561620649451478, -0.2873916258913228]
inv_tvec: 
[18.58880677961228;
 105.7027853531592;
 19.82202279911758]
yaw: 
-3.4676
pitch: 
3.22259
roll: 
106.729
x: 
-106.749
y: 
4.24813
z: 
2.08759
[0, 0]
[273, 211]
[252, 316]
[600, 4]
[397, 215]
[447, 333]
[0, 80, 0]
[0, 40, 0]
[0, 0, 0]
[28, 80, 0]
[28, 40, 0]
[28, 0, 0]
There are 6 imagePoints and 6 objectPoints.
Intrinsic parameters: 
[614.1699, 0, 329.9491;
 0, 614.9002, 237.2788;
 0, 0, 1]
rvec: 
[-1.863276871937631;
 0.01741375518645474;
 0.09429533406903792]
tvec: 
[-11.02789436809009;
 11.08634849216278;
 108.0139508566884]
rmat: 
[0.9965907208786111, -0.06038854304648478, -0.056215290867991;
 0.03632731519729737, -0.2905760343359154, 0.9561620649451478;
 -0.07407605030781665, -0.9549443921707356, -0.2873916258913228]
inv_rmat: 
[0.9965907208786111, 0.03632731519729737, -0.07407605030781665;
 -0.06038854304648478, -0.2905760343359154, -0.9549443921707356;
 -0.056215290867991, 0.9561620649451478, -0.2873916258913228]
inv_tvec: 
[18.58880677961228;
 105.7027853531592;
 19.82202279911758]
yaw: 
-3.4676
pitch: 
3.22259
roll: 
106.729
x: 
-106.749
y: 
4.24813
z: 
2.08759
[0, 0]
[273, 211]
[252, 316]
[600, 4]
[397, 215]
[447, 333]
[0, 80, 0]
[0, 40, 0]
[0, 0, 0]
[28, 80, 0]
[28, 40, 0]
[28, 0, 0]
There are 6 imagePoints and 6 objectPoints.
Intrinsic parameters: 
[614.1699, 0, 329.9491;
 0, 614.9002, 237.2788;
 0, 0, 1]
rvec: 
[-1.863276871937631;
 0.01741375518645474;
 0.09429533406903792]
tvec: 
[-11.02789436809009;
 11.08634849216278;
 108.0139508566884]
rmat: 
[0.9965907208786111, -0.06038854304648478, -0.056215290867991;
 0.03632731519729737, -0.2905760343359154, 0.9561620649451478;
 -0.07407605030781665, -0.9549443921707356, -0.2873916258913228]
inv_rmat: 
[0.9965907208786111, 0.03632731519729737, -0.07407605030781665;
 -0.06038854304648478, -0.2905760343359154, -0.9549443921707356;
 -0.056215290867991, 0.9561620649451478, -0.2873916258913228]
inv_tvec: 
[18.58880677961228;
 105.7027853531592;
 19.82202279911758]
yaw: 
-3.4676
pitch: 
3.22259
roll: 
106.729
x: 
-106.749
y: 
4.24813
z: 
2.08759
[0, 0]
[273, 211]
[252, 316]
[600, 4]
[397, 215]
[447, 333]
[0, 80, 0]
[0, 40, 0]
[0, 0, 0]
[28, 80, 0]
[28, 40, 0]
[28, 0, 0]
There are 6 imagePoints and 6 objectPoints.
Intrinsic parameters: 
[614.1699, 0, 329.9491;
 0, 614.9002, 237.2788;
 0, 0, 1]
rvec: 
[-1.863276871937631;
 0.01741375518645474;
 0.09429533406903792]
tvec: 
[-11.02789436809009;
 11.08634849216278;
 108.0139508566884]
rmat: 
[0.9965907208786111, -0.06038854304648478, -0.056215290867991;
 0.03632731519729737, -0.2905760343359154, 0.9561620649451478;
 -0.07407605030781665, -0.9549443921707356, -0.2873916258913228]
inv_rmat: 
[0.9965907208786111, 0.03632731519729737, -0.07407605030781665;
 -0.06038854304648478, -0.2905760343359154, -0.9549443921707356;
 -0.056215290867991, 0.9561620649451478, -0.2873916258913228]
inv_tvec: 
[18.58880677961228;
 105.7027853531592;
 19.82202279911758]
yaw: 
-3.4676
pitch: 
3.22259
roll: 
106.729
x: 
-106.749
y: 
4.24813
z: 
2.08759
[0, 0]
[273, 211]
[252, 316]
[600, 4]
[397, 215]
[447, 333]
[0, 80, 0]
[0, 40, 0]
[0, 0, 0]
[28, 80, 0]
[28, 40, 0]
[28, 0, 0]
There are 6 imagePoints and 6 objectPoints.
Intrinsic parameters: 
[614.1699, 0, 329.9491;
 0, 614.9002, 237.2788;
 0, 0, 1]
rvec: 
[-1.863276871937631;
 0.01741375518645474;
 0.09429533406903792]
tvec: 
[-11.02789436809009;
 11.08634849216278;
 108.0139508566884]
rmat: 
[0.9965907208786111, -0.06038854304648478, -0.056215290867991;
 0.03632731519729737, -0.2905760343359154, 0.9561620649451478;
 -0.07407605030781665, -0.9549443921707356, -0.2873916258913228]
inv_rmat: 
[0.9965907208786111, 0.03632731519729737, -0.07407605030781665;
 -0.06038854304648478, -0.2905760343359154, -0.9549443921707356;
 -0.056215290867991, 0.9561620649451478, -0.2873916258913228]
inv_tvec: 
[18.58880677961228;
 105.7027853531592;
 19.82202279911758]
yaw: 
-3.4676
pitch: 
3.22259
roll: 
106.729
x: 
-106.749
y: 
4.24813
z: 
2.08759
[0, 0]
[273, 211]
[252, 316]
[600, 4]
[397, 215]
[447, 333]
[0, 80, 0]
[0, 40, 0]
[0, 0, 0]
[28, 80, 0]
[28, 40, 0]
[28, 0, 0]
There are 6 imagePoints and 6 objectPoints.
Intrinsic parameters: 
[614.1699, 0, 329.9491;
 0, 614.9002, 237.2788;
 0, 0, 1]
rvec: 
[-1.863276871937631;
 0.01741375518645474;
 0.09429533406903792]
tvec: 
[-11.02789436809009;
 11.08634849216278;
 108.0139508566884]
rmat: 
[0.9965907208786111, -0.06038854304648478, -0.056215290867991;
 0.03632731519729737, -0.2905760343359154, 0.9561620649451478;
 -0.07407605030781665, -0.9549443921707356, -0.2873916258913228]
inv_rmat: 
[0.9965907208786111, 0.03632731519729737, -0.07407605030781665;
 -0.06038854304648478, -0.2905760343359154, -0.9549443921707356;
 -0.056215290867991, 0.9561620649451478, -0.2873916258913228]
inv_tvec: 
[18.58880677961228;
 105.7027853531592;
 19.82202279911758]
yaw: 
-3.4676
pitch: 
3.22259
roll: 
106.729
x: 
-106.749
y: 
4.24813
z: 
2.08759
[0, 0]
[273, 211]
[252, 316]
[600, 4]
[397, 215]
[447, 333]
[0, 80, 0]
[0, 40, 0]
[0, 0, 0]
[28, 80, 0]
[28, 40, 0]
[28, 0, 0]
There are 6 imagePoints and 6 objectPoints.
Intrinsic parameters: 
[614.1699, 0, 329.9491;
 0, 614.9002, 237.2788;
 0, 0, 1]
rvec: 
[-1.863276871937631;
 0.01741375518645474;
 0.09429533406903792]
tvec: 
[-11.02789436809009;
 11.08634849216278;
 108.0139508566884]
rmat: 
[0.9965907208786111, -0.06038854304648478, -0.056215290867991;
 0.03632731519729737, -0.2905760343359154, 0.9561620649451478;
 -0.07407605030781665, -0.9549443921707356, -0.2873916258913228]
inv_rmat: 
[0.9965907208786111, 0.03632731519729737, -0.07407605030781665;
 -0.06038854304648478, -0.2905760343359154, -0.9549443921707356;
 -0.056215290867991, 0.9561620649451478, -0.2873916258913228]
inv_tvec: 
[18.58880677961228;
 105.7027853531592;
 19.82202279911758]
yaw: 
-3.4676
pitch: 
3.22259
roll: 
106.729
x: 
-106.749
y: 
4.24813
z: 
2.08759
[0, 0]
[273, 211]
[252, 316]
[600, 4]
[397, 215]
[447, 333]
[0, 80, 0]
[0, 40, 0]
[0, 0, 0]
[28, 80, 0]
[28, 40, 0]
[28, 0, 0]
There are 6 imagePoints and 6 objectPoints.
Intrinsic parameters: 
[614.1699, 0, 329.9491;
 0, 614.9002, 237.2788;
 0, 0, 1]
rvec: 
[-1.863276871937631;
 0.01741375518645474;
 0.09429533406903792]
tvec: 
[-11.02789436809009;
 11.08634849216278;
 108.0139508566884]
rmat: 
[0.9965907208786111, -0.06038854304648478, -0.056215290867991;
 0.03632731519729737, -0.2905760343359154, 0.9561620649451478;
 -0.07407605030781665, -0.9549443921707356, -0.2873916258913228]
inv_rmat: 
[0.9965907208786111, 0.03632731519729737, -0.07407605030781665;
 -0.06038854304648478, -0.2905760343359154, -0.9549443921707356;
 -0.056215290867991, 0.9561620649451478, -0.2873916258913228]
inv_tvec: 
[18.58880677961228;
 105.7027853531592;
 19.82202279911758]
yaw: 
-3.4676
pitch: 
3.22259
roll: 
106.729
x: 
-106.749
y: 
4.24813
z: 
2.08759
[0, 0]
[273, 211]
[252, 316]
[600, 4]
[397, 215]
[447, 333]
[0, 80, 0]
[0, 40, 0]
[0, 0, 0]
[28, 80, 0]
[28, 40, 0]
[28, 0, 0]
There are 6 imagePoints and 6 objectPoints.
Intrinsic parameters: 
[614.1699, 0, 329.9491;
 0, 614.9002, 237.2788;
 0, 0, 1]
rvec: 
[-1.863276871937631;
 0.01741375518645474;
 0.09429533406903792]
tvec: 
[-11.02789436809009;
 11.08634849216278;
 108.0139508566884]
rmat: 
[0.9965907208786111, -0.06038854304648478, -0.056215290867991;
 0.03632731519729737, -0.2905760343359154, 0.9561620649451478;
 -0.07407605030781665, -0.9549443921707356, -0.2873916258913228]
inv_rmat: 
[0.9965907208786111, 0.03632731519729737, -0.07407605030781665;
 -0.06038854304648478, -0.2905760343359154, -0.9549443921707356;
 -0.056215290867991, 0.9561620649451478, -0.2873916258913228]
inv_tvec: 
[18.58880677961228;
 105.7027853531592;
 19.82202279911758]
yaw: 
-3.4676
pitch: 
3.22259
roll: 
106.729
x: 
-106.749
y: 
4.24813
z: 
2.08759
[0, 0]
[273, 211]
[252, 316]
[600, 4]
[397, 215]
[447, 333]
[0, 80, 0]
[0, 40, 0]
[0, 0, 0]
[28, 80, 0]
[28, 40, 0]
[28, 0, 0]
There are 6 imagePoints and 6 objectPoints.
Intrinsic parameters: 
[614.1699, 0, 329.9491;
 0, 614.9002, 237.2788;
 0, 0, 1]
rvec: 
[-1.863276871937631;
 0.01741375518645474;
 0.09429533406903792]
tvec: 
[-11.02789436809009;
 11.08634849216278;
 108.0139508566884]
rmat: 
[0.9965907208786111, -0.06038854304648478, -0.056215290867991;
 0.03632731519729737, -0.2905760343359154, 0.9561620649451478;
 -0.07407605030781665, -0.9549443921707356, -0.2873916258913228]
inv_rmat: 
[0.9965907208786111, 0.03632731519729737, -0.07407605030781665;
 -0.06038854304648478, -0.2905760343359154, -0.9549443921707356;
 -0.056215290867991, 0.9561620649451478, -0.2873916258913228]
inv_tvec: 
[18.58880677961228;
 105.7027853531592;
 19.82202279911758]
yaw: 
-3.4676
pitch: 
3.22259
roll: 
106.729
x: 
-106.749
y: 
4.24813
z: 
2.08759
[0, 0]
[273, 211]
[252, 316]
[600, 4]
[397, 215]
[447, 333]
[0, 80, 0]
[0, 40, 0]
[0, 0, 0]
[28, 80, 0]
[28, 40, 0]
[28, 0, 0]
There are 6 imagePoints and 6 objectPoints.
Intrinsic parameters: 
[614.1699, 0, 329.9491;
 0, 614.9002, 237.2788;
 0, 0, 1]
rvec: 
[-1.863276871937631;
 0.01741375518645474;
 0.09429533406903792]
tvec: 
[-11.02789436809009;
 11.08634849216278;
 108.0139508566884]
rmat: 
[0.9965907208786111, -0.06038854304648478, -0.056215290867991;
 0.03632731519729737, -0.2905760343359154, 0.9561620649451478;
 -0.07407605030781665, -0.9549443921707356, -0.2873916258913228]
inv_rmat: 
[0.9965907208786111, 0.03632731519729737, -0.07407605030781665;
 -0.06038854304648478, -0.2905760343359154, -0.9549443921707356;
 -0.056215290867991, 0.9561620649451478, -0.2873916258913228]
inv_tvec: 
[18.58880677961228;
 105.7027853531592;
 19.82202279911758]
yaw: 
-3.4676
pitch: 
3.22259
roll: 
106.729
x: 
-106.749
y: 
4.24813
z: 
2.08759
[0, 0]
[273, 211]
[252, 316]
[600, 4]
[397, 215]
[447, 333]
[0, 80, 0]
[0, 40, 0]
[0, 0, 0]
[28, 80, 0]
[28, 40, 0]
[28, 0, 0]
There are 6 imagePoints and 6 objectPoints.
Intrinsic parameters: 
[614.1699, 0, 329.9491;
 0, 614.9002, 237.2788;
 0, 0, 1]
rvec: 
[-1.863276871937631;
 0.01741375518645474;
 0.09429533406903792]
tvec: 
[-11.02789436809009;
 11.08634849216278;
 108.0139508566884]
rmat: 
[0.9965907208786111, -0.06038854304648478, -0.056215290867991;
 0.03632731519729737, -0.2905760343359154, 0.9561620649451478;
 -0.07407605030781665, -0.9549443921707356, -0.2873916258913228]
inv_rmat: 
[0.9965907208786111, 0.03632731519729737, -0.07407605030781665;
 -0.06038854304648478, -0.2905760343359154, -0.9549443921707356;
 -0.056215290867991, 0.9561620649451478, -0.2873916258913228]
inv_tvec: 
[18.58880677961228;
 105.7027853531592;
 19.82202279911758]
yaw: 
-3.4676
pitch: 
3.22259
roll: 
106.729
x: 
-106.749
y: 
4.24813
z: 
2.08759
[0, 0]
[273, 211]
[252, 316]
[600, 4]
[397, 215]
[447, 333]
[0, 80, 0]
[0, 40, 0]
[0, 0, 0]
[28, 80, 0]
[28, 40, 0]
[28, 0, 0]
There are 6 imagePoints and 6 objectPoints.
Intrinsic parameters: 
[614.1699, 0, 329.9491;
 0, 614.9002, 237.2788;
 0, 0, 1]
rvec: 
[-1.863276871937631;
 0.01741375518645474;
 0.09429533406903792]
tvec: 
[-11.02789436809009;
 11.08634849216278;
 108.0139508566884]
rmat: 
[0.9965907208786111, -0.06038854304648478, -0.056215290867991;
 0.03632731519729737, -0.2905760343359154, 0.9561620649451478;
 -0.07407605030781665, -0.9549443921707356, -0.2873916258913228]
inv_rmat: 
[0.9965907208786111, 0.03632731519729737, -0.07407605030781665;
 -0.06038854304648478, -0.2905760343359154, -0.9549443921707356;
 -0.056215290867991, 0.9561620649451478, -0.2873916258913228]
inv_tvec: 
[18.58880677961228;
 105.7027853531592;
 19.82202279911758]
yaw: 
-3.4676
pitch: 
3.22259
roll: 
106.729
x: 
-106.749
y: 
4.24813
z: 
2.08759
[0, 0]
[273, 211]
[252, 316]
[600, 4]
[397, 215]
[447, 333]
[0, 80, 0]
[0, 40, 0]
[0, 0, 0]
[28, 80, 0]
[28, 40, 0]
[28, 0, 0]
There are 6 imagePoints and 6 objectPoints.
Intrinsic parameters: 
[614.1699, 0, 329.9491;
 0, 614.9002, 237.2788;
 0, 0, 1]
rvec: 
[-1.863276871937631;
 0.01741375518645474;
 0.09429533406903792]
tvec: 
[-11.02789436809009;
 11.08634849216278;
 108.0139508566884]
rmat: 
[0.9965907208786111, -0.06038854304648478, -0.056215290867991;
 0.03632731519729737, -0.2905760343359154, 0.9561620649451478;
 -0.07407605030781665, -0.9549443921707356, -0.2873916258913228]
inv_rmat: 
[0.9965907208786111, 0.03632731519729737, -0.07407605030781665;
 -0.06038854304648478, -0.2905760343359154, -0.9549443921707356;
 -0.056215290867991, 0.9561620649451478, -0.2873916258913228]
inv_tvec: 
[18.58880677961228;
 105.7027853531592;
 19.82202279911758]
yaw: 
-3.4676
pitch: 
3.22259
roll: 
106.729
x: 
-106.749
y: 
4.24813
z: 
2.08759
[0, 0]
[273, 211]
[252, 316]
[600, 4]
[397, 215]
[447, 333]
[0, 80, 0]
[0, 40, 0]
[0, 0, 0]
[28, 80, 0]
[28, 40, 0]
[28, 0, 0]
There are 6 imagePoints and 6 objectPoints.
Intrinsic parameters: 
[614.1699, 0, 329.9491;
 0, 614.9002, 237.2788;
 0, 0, 1]
rvec: 
[-1.863276871937631;
 0.01741375518645474;
 0.09429533406903792]
tvec: 
[-11.02789436809009;
 11.08634849216278;
 108.0139508566884]
rmat: 
[0.9965907208786111, -0.06038854304648478, -0.056215290867991;
 0.03632731519729737, -0.2905760343359154, 0.9561620649451478;
 -0.07407605030781665, -0.9549443921707356, -0.2873916258913228]
inv_rmat: 
[0.9965907208786111, 0.03632731519729737, -0.07407605030781665;
 -0.06038854304648478, -0.2905760343359154, -0.9549443921707356;
 -0.056215290867991, 0.9561620649451478, -0.2873916258913228]
inv_tvec: 
[18.58880677961228;
 105.7027853531592;
 19.82202279911758]
yaw: 
-3.4676
pitch: 
3.22259
roll: 
106.729
x: 
-106.749
y: 
4.24813
z: 
2.08759
[0, 0]
[273, 211]
[252, 316]
[600, 4]
[397, 215]
[447, 333]
[0, 80, 0]
[0, 40, 0]
[0, 0, 0]
[28, 80, 0]
[28, 40, 0]
[28, 0, 0]
There are 6 imagePoints and 6 objectPoints.
Intrinsic parameters: 
[614.1699, 0, 329.9491;
 0, 614.9002, 237.2788;
 0, 0, 1]
rvec: 
[-1.863276871937631;
 0.01741375518645474;
 0.09429533406903792]
tvec: 
[-11.02789436809009;
 11.08634849216278;
 108.0139508566884]
rmat: 
[0.9965907208786111, -0.06038854304648478, -0.056215290867991;
 0.03632731519729737, -0.2905760343359154, 0.9561620649451478;
 -0.07407605030781665, -0.9549443921707356, -0.2873916258913228]
inv_rmat: 
[0.9965907208786111, 0.03632731519729737, -0.07407605030781665;
 -0.06038854304648478, -0.2905760343359154, -0.9549443921707356;
 -0.056215290867991, 0.9561620649451478, -0.2873916258913228]
inv_tvec: 
[18.58880677961228;
 105.7027853531592;
 19.82202279911758]
yaw: 
-3.4676
pitch: 
3.22259
roll: 
106.729
x: 
-106.749
y: 
4.24813
z: 
2.08759
[0, 0]
[273, 211]
[252, 316]
[600, 4]
[397, 215]
[447, 333]
[0, 80, 0]
[0, 40, 0]
[0, 0, 0]
[28, 80, 0]
[28, 40, 0]
[28, 0, 0]
There are 6 imagePoints and 6 objectPoints.
Intrinsic parameters: 
[614.1699, 0, 329.9491;
 0, 614.9002, 237.2788;
 0, 0, 1]
rvec: 
[-1.863276871937631;
 0.01741375518645474;
 0.09429533406903792]
tvec: 
[-11.02789436809009;
 11.08634849216278;
 108.0139508566884]
rmat: 
[0.9965907208786111, -0.06038854304648478, -0.056215290867991;
 0.03632731519729737, -0.2905760343359154, 0.9561620649451478;
 -0.07407605030781665, -0.9549443921707356, -0.2873916258913228]
inv_rmat: 
[0.9965907208786111, 0.03632731519729737, -0.07407605030781665;
 -0.06038854304648478, -0.2905760343359154, -0.9549443921707356;
 -0.056215290867991, 0.9561620649451478, -0.2873916258913228]
inv_tvec: 
[18.58880677961228;
 105.7027853531592;
 19.82202279911758]
yaw: 
-3.4676
pitch: 
3.22259
roll: 
106.729
x: 
-106.749
y: 
4.24813
z: 
2.08759
[0, 0]
[273, 211]
[252, 316]
[600, 4]
[397, 215]
[447, 333]
[0, 80, 0]
[0, 40, 0]
[0, 0, 0]
[28, 80, 0]
[28, 40, 0]
[28, 0, 0]
There are 6 imagePoints and 6 objectPoints.
Intrinsic parameters: 
[614.1699, 0, 329.9491;
 0, 614.9002, 237.2788;
 0, 0, 1]
rvec: 
[-1.863276871937631;
 0.01741375518645474;
 0.09429533406903792]
tvec: 
[-11.02789436809009;
 11.08634849216278;
 108.0139508566884]
rmat: 
[0.9965907208786111, -0.06038854304648478, -0.056215290867991;
 0.03632731519729737, -0.2905760343359154, 0.9561620649451478;
 -0.07407605030781665, -0.9549443921707356, -0.2873916258913228]
inv_rmat: 
[0.9965907208786111, 0.03632731519729737, -0.07407605030781665;
 -0.06038854304648478, -0.2905760343359154, -0.9549443921707356;
 -0.056215290867991, 0.9561620649451478, -0.2873916258913228]
inv_tvec: 
[18.58880677961228;
 105.7027853531592;
 19.82202279911758]
yaw: 
-3.4676
pitch: 
3.22259
roll: 
106.729
x: 
-106.749
y: 
4.24813
z: 
2.08759
[0, 0]
[273, 211]
[252, 316]
[600, 4]
[397, 215]
[447, 333]
[0, 80, 0]
[0, 40, 0]
[0, 0, 0]
[28, 80, 0]
[28, 40, 0]
[28, 0, 0]
There are 6 imagePoints and 6 objectPoints.
Intrinsic parameters: 
[614.1699, 0, 329.9491;
 0, 614.9002, 237.2788;
 0, 0, 1]
rvec: 
[-1.863276871937631;
 0.01741375518645474;
 0.09429533406903792]
tvec: 
[-11.02789436809009;
 11.08634849216278;
 108.0139508566884]
rmat: 
[0.9965907208786111, -0.06038854304648478, -0.056215290867991;
 0.03632731519729737, -0.2905760343359154, 0.9561620649451478;
 -0.07407605030781665, -0.9549443921707356, -0.2873916258913228]
inv_rmat: 
[0.9965907208786111, 0.03632731519729737, -0.07407605030781665;
 -0.06038854304648478, -0.2905760343359154, -0.9549443921707356;
 -0.056215290867991, 0.9561620649451478, -0.2873916258913228]
inv_tvec: 
[18.58880677961228;
 105.7027853531592;
 19.82202279911758]
yaw: 
-3.4676
pitch: 
3.22259
roll: 
106.729
x: 
-106.749
y: 
4.24813
z: 
2.08759
[0, 0]
[273, 211]
[252, 316]
[600, 4]
[397, 215]
[447, 333]
[0, 80, 0]
[0, 40, 0]
[0, 0, 0]
[28, 80, 0]
[28, 40, 0]
[28, 0, 0]
There are 6 imagePoints and 6 objectPoints.
Intrinsic parameters: 
[614.1699, 0, 329.9491;
 0, 614.9002, 237.2788;
 0, 0, 1]
rvec: 
[-1.863276871937631;
 0.01741375518645474;
 0.09429533406903792]
tvec: 
[-11.02789436809009;
 11.08634849216278;
 108.0139508566884]
rmat: 
[0.9965907208786111, -0.06038854304648478, -0.056215290867991;
 0.03632731519729737, -0.2905760343359154, 0.9561620649451478;
 -0.07407605030781665, -0.9549443921707356, -0.2873916258913228]
inv_rmat: 
[0.9965907208786111, 0.03632731519729737, -0.07407605030781665;
 -0.06038854304648478, -0.2905760343359154, -0.9549443921707356;
 -0.056215290867991, 0.9561620649451478, -0.2873916258913228]
inv_tvec: 
[18.58880677961228;
 105.7027853531592;
 19.82202279911758]
yaw: 
-3.4676
pitch: 
3.22259
roll: 
106.729
x: 
-106.749
y: 
4.24813
z: 
2.08759
[0, 0]
[273, 211]
[252, 316]
[600, 4]
[397, 215]
[447, 333]
[0, 80, 0]
[0, 40, 0]
[0, 0, 0]
[28, 80, 0]
[28, 40, 0]
[28, 0, 0]
There are 6 imagePoints and 6 objectPoints.
Intrinsic parameters: 
[614.1699, 0, 329.9491;
 0, 614.9002, 237.2788;
 0, 0, 1]
rvec: 
[-1.863276871937631;
 0.01741375518645474;
